 kx Eu
  0.9459164555846796E+002  0.2114085548408194E+000 
  0.1891832911169359E+003  0.6859790333587672E-001 
  0.2837749366754039E+003  0.3334833973964411E-001 
  0.3783665822338718E+003  0.2060435027280300E-001 
  0.4729582277923398E+003  0.1386302288968278E-001 
  0.5675498733508077E+003  0.1008881277779497E-001 
  0.6621415189092756E+003  0.7889376452194476E-002 
  0.7567331644677437E+003  0.6300325989173738E-002 
  0.8513248100262116E+003  0.5118359691951225E-002 
  0.9459164555846795E+003  0.4417573773812179E-002 
  0.1040508101143147E+004  0.3805223998300629E-002 
  0.1135099746701615E+004  0.3378962886147507E-002 
  0.1229691392260084E+004  0.3031797592777728E-002 
  0.1324283037818551E+004  0.2724230369541804E-002 
  0.1418874683377019E+004  0.2454333624362750E-002 
  0.1513466328935487E+004  0.2238259859193180E-002 
  0.1608057974493955E+004  0.1996932564334277E-002 
  0.1702649620052423E+004  0.1840654005550365E-002 
  0.1797241265610891E+004  0.1696751785755273E-002 
  0.1891832911169359E+004  0.1549951095376765E-002 
  0.1986424556727827E+004  0.1429223661268579E-002 
  0.2081016202286295E+004  0.1294400698661344E-002 
  0.2175607847844763E+004  0.1199079546518176E-002 
  0.2270199493403231E+004  0.1108708169410164E-002 
  0.2364791138961699E+004  0.1027531459316180E-002 
  0.2459382784520167E+004  0.9541311009610490E-003 
  0.2553974430078635E+004  0.8947329905791266E-003 
  0.2648566075637103E+004  0.8362055907520795E-003 
  0.2743157721195571E+004  0.7774201683631329E-003 
  0.2837749366754038E+004  0.7443110143986675E-003 
  0.2932341012312506E+004  0.7025812080617488E-003 
  0.3026932657870975E+004  0.6705556184511611E-003 
  0.3121524303429443E+004  0.6515146034693158E-003 
  0.3216115948987911E+004  0.6391184319943495E-003 
  0.3310707594546378E+004  0.6330562660496009E-003 
