 k Eu(kx)/Ev(ky)
  0.2841579216916319E+003  0.1046531526174844E+001
  0.4262368825374479E+003  0.1095045951852600E+001
  0.5683158433832639E+003  0.1013547027786105E+001
  0.7103948042290799E+003  0.1073733225454704E+001
  0.8524737650748958E+003  0.1017521360312813E+001
  0.9945527259207119E+003  0.1062478302068306E+001
  0.1136631686766528E+004  0.1065999761647941E+001
  0.1278710647612344E+004  0.1084410211484552E+001
  0.1420789608458160E+004  0.1077370794663373E+001
  0.1562868569303976E+004  0.1119160642327908E+001
  0.1704947530149792E+004  0.1091732628891880E+001
  0.1847026490995608E+004  0.1093190321006623E+001
  0.1989105451841424E+004  0.1112100959172266E+001
  0.2131184412687239E+004  0.1079078792627053E+001
  0.2273263373533056E+004  0.1078497837011765E+001
  0.2415342334378872E+004  0.1076410906781604E+001
  0.2557421295224688E+004  0.1121459390487002E+001
  0.2699500256070503E+004  0.1095593833508704E+001
  0.2841579216916320E+004  0.1085591471548695E+001
  0.2983658177762135E+004  0.1083636785655994E+001
  0.3125737138607951E+004  0.1111164827506953E+001
