 ky VV Euu(kx)
  0.1420789608458160E+003  0.9904659318316082E-001
  0.2841579216916319E+003  0.3181628142499535E-001
  0.4262368825374479E+003  0.1570047802124163E-001
  0.5683158433832639E+003  0.9936393908011622E-002
  0.7103948042290799E+003  0.6592668071451588E-002
  0.8524737650748958E+003  0.5021857832855909E-002
  0.9945527259207119E+003  0.3861463653761712E-002
  0.1136631686766528E+004  0.3164485172963286E-002
  0.1278710647612344E+004  0.2648822525279461E-002
  0.1420789608458160E+004  0.2274016905064093E-002
  0.1562868569303976E+004  0.1887327096759200E-002
  0.1704947530149792E+004  0.1682791324111130E-002
  0.1847026490995608E+004  0.1481432832411201E-002
  0.1989105451841424E+004  0.1281720447655567E-002
  0.2131184412687239E+004  0.1152692084334557E-002
  0.2273263373533056E+004  0.1025573505228469E-002
  0.2415342334378872E+004  0.9181486360666228E-003
  0.2557421295224688E+004  0.7959274257914314E-003
  0.2699500256070503E+004  0.7343522225432281E-003
  0.2841579216916320E+004  0.6840708194966807E-003
  0.2983658177762135E+004  0.6323215760622214E-003
  0.3125737138607951E+004  0.5858379406371359E-003
  0.3267816099453767E+004  0.5686081216890670E-003
